8 538 1.602104902267456
9 506 1.8189904689788818
10 654 2.3450498580932617
11 559 2.195105791091919
12 451 1.9641788005828857
13 519 2.4664247035980225
14 760 3.900526285171509
15 435 2.418980598449707
16 399 2.552079916000366
17 419 3.329796314239502
18 419 3.4496848583221436
19 376 3.2619071006774902
20 450 4.338863849639893
21 289 2.9012346267700195
22 309 3.5494377613067627
23 334 3.349592924118042
24 348 3.575997829437256
25 464 5.1286399364471436
26 327 4.11996865272522
27 385 5.329655647277832
28 339 5.678454637527466
29 432 7.832948207855225
30 367 5.153871536254883
31 376 7.948482513427734
32 242 4.049896717071533
33 456 10.87165880203247
34 413 8.06080937385559
35 414 8.108085870742798
36 422 9.585222005844116
37 208 4.394416093826294
38 260 5.403801202774048
39 438 12.378097295761108
40 270 7.004775524139404
41 227 5.61509895324707
42 274 11.049442529678345
43 408 16.494922876358032
44 262 8.56041145324707
45 154 4.277278900146484
