14 1313 21.930716276168823
15 1364 28.307368755340576
16 1469 29.971182584762573
17 1471 31.568439722061157
18 1768 41.6329185962677
19 1258 33.44994044303894
20 1985 58.73284459114075
21 1466 43.33931279182434
22 1714 54.16019320487976
23 1675 57.16063857078552
24 1607 61.137603521347046
25 2035 74.44857358932495
26 2033 78.11341333389282
27 1941 82.6207926273346
28 1654 69.09328627586365
29 1904 86.17415404319763
30 2054 88.5901358127594
31 1716 76.33572459220886
32 2607 134.18567156791687
33 2252 107.36060929298401
34 2143 116.24824452400208
35 2265 116.77086544036865
36 2696 158.30992245674133
37 2286 158.68582725524902
38 2650 165.75834703445435
39 2437 168.0909616947174
40 2105 160.1238031387329
41 2939 230.4756724834442
42 2713 239.90050053596497
43 2338 183.55916547775269
44 2881 327.0040683746338
45 2321 222.33074235916138